TITLE = "vncfd python"
VARIABLES = "X", "Y"
ZONE T="1", I= 61, J= 41
1.000000 0.000000
0.994522 -0.104528
0.978148 -0.207912
0.951057 -0.309017
0.913545 -0.406737
0.866025 -0.500000
0.809017 -0.587785
0.743145 -0.669131
0.669131 -0.743145
0.587785 -0.809017
0.500000 -0.866025
0.406737 -0.913545
0.309017 -0.951057
0.207912 -0.978148
0.104528 -0.994522
0.000000 -1.000000
-0.104528 -0.994522
-0.207912 -0.978148
-0.309017 -0.951057
-0.406737 -0.913545
-0.500000 -0.866025
-0.587785 -0.809017
-0.669131 -0.743145
-0.743145 -0.669131
-0.809017 -0.587785
-0.866025 -0.500000
-0.913545 -0.406737
-0.951057 -0.309017
-0.978148 -0.207912
-0.994522 -0.104528
-1.000000 -0.000000
-0.994522 0.104528
-0.978148 0.207912
-0.951057 0.309017
-0.913545 0.406737
-0.866025 0.500000
-0.809017 0.587785
-0.743145 0.669131
-0.669131 0.743145
-0.587785 0.809017
-0.500000 0.866025
-0.406737 0.913545
-0.309017 0.951057
-0.207912 0.978148
-0.104528 0.994522
-0.000000 1.000000
0.104528 0.994522
0.207912 0.978148
0.309017 0.951057
0.406737 0.913545
0.500000 0.866025
0.587785 0.809017
0.669131 0.743145
0.743145 0.669131
0.809017 0.587785
0.866025 0.500000
0.913545 0.406737
0.951057 0.309017
0.978148 0.207912
0.994522 0.104528
1.000000 0.000000
1.010000 0.000000
1.004467 -0.105574
0.987929 -0.209991
0.960567 -0.312107
0.922681 -0.410804
0.874686 -0.505000
0.817107 -0.593663
0.750576 -0.675822
0.675822 -0.750576
0.593663 -0.817107
0.505000 -0.874686
0.410804 -0.922681
0.312107 -0.960567
0.209991 -0.987929
0.105574 -1.004467
0.000000 -1.010000
-0.105574 -1.004467
-0.209991 -0.987929
-0.312107 -0.960567
-0.410804 -0.922681
-0.505000 -0.874686
-0.593663 -0.817107
-0.675822 -0.750576
-0.750576 -0.675822
-0.817107 -0.593663
-0.874686 -0.505000
-0.922681 -0.410804
-0.960567 -0.312107
-0.987929 -0.209991
-1.004467 -0.105574
-1.010000 -0.000000
-1.004467 0.105574
-0.987929 0.209991
-0.960567 0.312107
-0.922681 0.410804
-0.874686 0.505000
-0.817107 0.593663
-0.750576 0.675822
-0.675822 0.750576
-0.593663 0.817107
-0.505000 0.874686
-0.410804 0.922681
-0.312107 0.960567
-0.209991 0.987929
-0.105574 1.004467
-0.000000 1.010000
0.105574 1.004467
0.209991 0.987929
0.312107 0.960567
0.410804 0.922681
0.505000 0.874686
0.593663 0.817107
0.675822 0.750576
0.750576 0.675822
0.817107 0.593663
0.874686 0.505000
0.922681 0.410804
0.960567 0.312107
0.987929 0.209991
1.004467 0.105574
1.010000 0.000000
1.022000 0.000000
1.016401 -0.106828
0.999667 -0.212486
0.971980 -0.315815
0.933643 -0.415685
0.885078 -0.511000
0.826815 -0.600717
0.759494 -0.683851
0.683851 -0.759494
0.600717 -0.826815
0.511000 -0.885078
0.415685 -0.933643
0.315815 -0.971980
0.212486 -0.999667
0.106828 -1.016401
0.000000 -1.022000
-0.106828 -1.016401
-0.212486 -0.999667
-0.315815 -0.971980
-0.415685 -0.933643
-0.511000 -0.885078
-0.600717 -0.826815
-0.683851 -0.759494
-0.759494 -0.683851
-0.826815 -0.600717
-0.885078 -0.511000
-0.933643 -0.415685
-0.971980 -0.315815
-0.999667 -0.212486
-1.016401 -0.106828
-1.022000 -0.000000
-1.016401 0.106828
-0.999667 0.212486
-0.971980 0.315815
-0.933643 0.415685
-0.885078 0.511000
-0.826815 0.600717
-0.759494 0.683851
-0.683851 0.759494
-0.600717 0.826815
-0.511000 0.885078
-0.415685 0.933643
-0.315815 0.971980
-0.212486 0.999667
-0.106828 1.016401
-0.000000 1.022000
0.106828 1.016401
0.212486 0.999667
0.315815 0.971980
0.415685 0.933643
0.511000 0.885078
0.600717 0.826815
0.683851 0.759494
0.759494 0.683851
0.826815 0.600717
0.885078 0.511000
0.933643 0.415685
0.971980 0.315815
0.999667 0.212486
1.016401 0.106828
1.022000 0.000000
1.036400 0.000000
1.030722 -0.108333
1.013752 -0.215480
0.985675 -0.320265
0.946799 -0.421542
0.897549 -0.518200
0.838465 -0.609181
0.770195 -0.693487
0.693487 -0.770195
0.609181 -0.838465
0.518200 -0.897549
0.421542 -0.946799
0.320265 -0.985675
0.215480 -1.013752
0.108333 -1.030722
0.000000 -1.036400
-0.108333 -1.030722
-0.215480 -1.013752
-0.320265 -0.985675
-0.421542 -0.946799
-0.518200 -0.897549
-0.609181 -0.838465
-0.693487 -0.770195
-0.770195 -0.693487
-0.838465 -0.609181
-0.897549 -0.518200
-0.946799 -0.421542
-0.985675 -0.320265
-1.013752 -0.215480
-1.030722 -0.108333
-1.036400 -0.000000
-1.030722 0.108333
-1.013752 0.215480
-0.985675 0.320265
-0.946799 0.421542
-0.897549 0.518200
-0.838465 0.609181
-0.770195 0.693487
-0.693487 0.770195
-0.609181 0.838465
-0.518200 0.897549
-0.421542 0.946799
-0.320265 0.985675
-0.215480 1.013752
-0.108333 1.030722
-0.000000 1.036400
0.108333 1.030722
0.215480 1.013752
0.320265 0.985675
0.421542 0.946799
0.518200 0.897549
0.609181 0.838465
0.693487 0.770195
0.770195 0.693487
0.838465 0.609181
0.897549 0.518200
0.946799 0.421542
0.985675 0.320265
1.013752 0.215480
1.030722 0.108333
1.036400 0.000000
1.053680 0.000000
1.047908 -0.110140
1.030655 -0.219072
1.002109 -0.325605
0.962585 -0.428570
0.912514 -0.526840
0.852445 -0.619338
0.783037 -0.705050
0.705050 -0.783037
0.619338 -0.852445
0.526840 -0.912514
0.428570 -0.962585
0.325605 -1.002109
0.219072 -1.030655
0.110140 -1.047908
0.000000 -1.053680
-0.110140 -1.047908
-0.219072 -1.030655
-0.325605 -1.002109
-0.428570 -0.962585
-0.526840 -0.912514
-0.619338 -0.852445
-0.705050 -0.783037
-0.783037 -0.705050
-0.852445 -0.619338
-0.912514 -0.526840
-0.962585 -0.428570
-1.002109 -0.325605
-1.030655 -0.219072
-1.047908 -0.110140
-1.053680 -0.000000
-1.047908 0.110140
-1.030655 0.219072
-1.002109 0.325605
-0.962585 0.428570
-0.912514 0.526840
-0.852445 0.619338
-0.783037 0.705050
-0.705050 0.783037
-0.619338 0.852445
-0.526840 0.912514
-0.428570 0.962585
-0.325605 1.002109
-0.219072 1.030655
-0.110140 1.047908
-0.000000 1.053680
0.110140 1.047908
0.219072 1.030655
0.325605 1.002109
0.428570 0.962585
0.526840 0.912514
0.619338 0.852445
0.705050 0.783037
0.783037 0.705050
0.852445 0.619338
0.912514 0.526840
0.962585 0.428570
1.002109 0.325605
1.030655 0.219072
1.047908 0.110140
1.053680 0.000000
1.074416 0.000000
1.068530 -0.112307
1.050937 -0.223384
1.021830 -0.332013
0.981528 -0.437004
0.930472 -0.537208
0.869221 -0.631526
0.798447 -0.718925
0.718925 -0.798447
0.631526 -0.869221
0.537208 -0.930472
0.437004 -0.981528
0.332013 -1.021830
0.223384 -1.050937
0.112307 -1.068530
0.000000 -1.074416
-0.112307 -1.068530
-0.223384 -1.050937
-0.332013 -1.021830
-0.437004 -0.981528
-0.537208 -0.930472
-0.631526 -0.869221
-0.718925 -0.798447
-0.798447 -0.718925
-0.869221 -0.631526
-0.930472 -0.537208
-0.981528 -0.437004
-1.021830 -0.332013
-1.050937 -0.223384
-1.068530 -0.112307
-1.074416 -0.000000
-1.068530 0.112307
-1.050937 0.223384
-1.021830 0.332013
-0.981528 0.437004
-0.930472 0.537208
-0.869221 0.631526
-0.798447 0.718925
-0.718925 0.798447
-0.631526 0.869221
-0.537208 0.930472
-0.437004 0.981528
-0.332013 1.021830
-0.223384 1.050937
-0.112307 1.068530
-0.000000 1.074416
0.112307 1.068530
0.223384 1.050937
0.332013 1.021830
0.437004 0.981528
0.537208 0.930472
0.631526 0.869221
0.718925 0.798447
0.798447 0.718925
0.869221 0.631526
0.930472 0.537208
0.981528 0.437004
1.021830 0.332013
1.050937 0.223384
1.068530 0.112307
1.074416 0.000000
1.099299 0.000000
1.093277 -0.114908
1.075277 -0.228557
1.045496 -0.339702
1.004260 -0.447125
0.952021 -0.549650
0.889352 -0.646152
0.816939 -0.735575
0.735575 -0.816939
0.646152 -0.889352
0.549650 -0.952021
0.447125 -1.004260
0.339702 -1.045496
0.228557 -1.075277
0.114908 -1.093277
0.000000 -1.099299
-0.114908 -1.093277
-0.228557 -1.075277
-0.339702 -1.045496
-0.447125 -1.004260
-0.549650 -0.952021
-0.646152 -0.889352
-0.735575 -0.816939
-0.816939 -0.735575
-0.889352 -0.646152
-0.952021 -0.549650
-1.004260 -0.447125
-1.045496 -0.339702
-1.075277 -0.228557
-1.093277 -0.114908
-1.099299 -0.000000
-1.093277 0.114908
-1.075277 0.228557
-1.045496 0.339702
-1.004260 0.447125
-0.952021 0.549650
-0.889352 0.646152
-0.816939 0.735575
-0.735575 0.816939
-0.646152 0.889352
-0.549650 0.952021
-0.447125 1.004260
-0.339702 1.045496
-0.228557 1.075277
-0.114908 1.093277
-0.000000 1.099299
0.114908 1.093277
0.228557 1.075277
0.339702 1.045496
0.447125 1.004260
0.549650 0.952021
0.646152 0.889352
0.735575 0.816939
0.816939 0.735575
0.889352 0.646152
0.952021 0.549650
1.004260 0.447125
1.045496 0.339702
1.075277 0.228557
1.093277 0.114908
1.099299 0.000000
1.129159 0.000000
1.122973 -0.118029
1.104484 -0.234765
1.073894 -0.348929
1.031538 -0.459270
0.977880 -0.564580
0.913509 -0.663703
0.839129 -0.755555
0.755555 -0.839129
0.663703 -0.913509
0.564580 -0.977880
0.459270 -1.031538
0.348929 -1.073894
0.234765 -1.104484
0.118029 -1.122973
0.000000 -1.129159
-0.118029 -1.122973
-0.234765 -1.104484
-0.348929 -1.073894
-0.459270 -1.031538
-0.564580 -0.977880
-0.663703 -0.913509
-0.755555 -0.839129
-0.839129 -0.755555
-0.913509 -0.663703
-0.977880 -0.564580
-1.031538 -0.459270
-1.073894 -0.348929
-1.104484 -0.234765
-1.122973 -0.118029
-1.129159 -0.000000
-1.122973 0.118029
-1.104484 0.234765
-1.073894 0.348929
-1.031538 0.459270
-0.977880 0.564580
-0.913509 0.663703
-0.839129 0.755555
-0.755555 0.839129
-0.663703 0.913509
-0.564580 0.977880
-0.459270 1.031538
-0.348929 1.073894
-0.234765 1.104484
-0.118029 1.122973
-0.000000 1.129159
0.118029 1.122973
0.234765 1.104484
0.348929 1.073894
0.459270 1.031538
0.564580 0.977880
0.663703 0.913509
0.755555 0.839129
0.839129 0.755555
0.913509 0.663703
0.977880 0.564580
1.031538 0.459270
1.073894 0.348929
1.104484 0.234765
1.122973 0.118029
1.129159 0.000000
1.164991 0.000000
1.158609 -0.121775
1.139533 -0.242215
1.107972 -0.360002
1.064272 -0.473844
1.008912 -0.582495
0.942497 -0.684764
0.865757 -0.779531
0.779531 -0.865757
0.684764 -0.942497
0.582495 -1.008912
0.473844 -1.064272
0.360002 -1.107972
0.242215 -1.139533
0.121775 -1.158609
0.000000 -1.164991
-0.121775 -1.158609
-0.242215 -1.139533
-0.360002 -1.107972
-0.473844 -1.064272
-0.582495 -1.008912
-0.684764 -0.942497
-0.779531 -0.865757
-0.865757 -0.779531
-0.942497 -0.684764
-1.008912 -0.582495
-1.064272 -0.473844
-1.107972 -0.360002
-1.139533 -0.242215
-1.158609 -0.121775
-1.164991 -0.000000
-1.158609 0.121775
-1.139533 0.242215
-1.107972 0.360002
-1.064272 0.473844
-1.008912 0.582495
-0.942497 0.684764
-0.865757 0.779531
-0.779531 0.865757
-0.684764 0.942497
-0.582495 1.008912
-0.473844 1.064272
-0.360002 1.107972
-0.242215 1.139533
-0.121775 1.158609
-0.000000 1.164991
0.121775 1.158609
0.242215 1.139533
0.360002 1.107972
0.473844 1.064272
0.582495 1.008912
0.684764 0.942497
0.779531 0.865757
0.865757 0.779531
0.942497 0.684764
1.008912 0.582495
1.064272 0.473844
1.107972 0.360002
1.139533 0.242215
1.158609 0.121775
1.164991 0.000000
1.207989 0.000000
1.201372 -0.126269
1.181592 -0.251155
1.148866 -0.373289
1.103553 -0.491333
1.046149 -0.603995
0.977284 -0.710038
0.897711 -0.808302
0.808302 -0.897711
0.710038 -0.977284
0.603995 -1.046149
0.491333 -1.103553
0.373289 -1.148866
0.251155 -1.181592
0.126269 -1.201372
0.000000 -1.207989
-0.126269 -1.201372
-0.251155 -1.181592
-0.373289 -1.148866
-0.491333 -1.103553
-0.603995 -1.046149
-0.710038 -0.977284
-0.808302 -0.897711
-0.897711 -0.808302
-0.977284 -0.710038
-1.046149 -0.603995
-1.103553 -0.491333
-1.148866 -0.373289
-1.181592 -0.251155
-1.201372 -0.126269
-1.207989 -0.000000
-1.201372 0.126269
-1.181592 0.251155
-1.148866 0.373289
-1.103553 0.491333
-1.046149 0.603995
-0.977284 0.710038
-0.897711 0.808302
-0.808302 0.897711
-0.710038 0.977284
-0.603995 1.046149
-0.491333 1.103553
-0.373289 1.148866
-0.251155 1.181592
-0.126269 1.201372
-0.000000 1.207989
0.126269 1.201372
0.251155 1.181592
0.373289 1.148866
0.491333 1.103553
0.603995 1.046149
0.710038 0.977284
0.808302 0.897711
0.897711 0.808302
0.977284 0.710038
1.046149 0.603995
1.103553 0.491333
1.148866 0.373289
1.181592 0.251155
1.201372 0.126269
1.207989 0.000000
1.259587 0.000000
1.252687 -0.131663
1.232062 -0.261883
1.197938 -0.389234
1.150690 -0.512320
1.090834 -0.629793
1.019027 -0.740367
0.936055 -0.842828
0.842828 -0.936055
0.740367 -1.019027
0.629793 -1.090834
0.512320 -1.150690
0.389234 -1.197938
0.261883 -1.232062
0.131663 -1.252687
0.000000 -1.259587
-0.131663 -1.252687
-0.261883 -1.232062
-0.389234 -1.197938
-0.512320 -1.150690
-0.629793 -1.090834
-0.740367 -1.019027
-0.842828 -0.936055
-0.936055 -0.842828
-1.019027 -0.740367
-1.090834 -0.629793
-1.150690 -0.512320
-1.197938 -0.389234
-1.232062 -0.261883
-1.252687 -0.131663
-1.259587 -0.000000
-1.252687 0.131663
-1.232062 0.261883
-1.197938 0.389234
-1.150690 0.512320
-1.090834 0.629793
-1.019027 0.740367
-0.936055 0.842828
-0.842828 0.936055
-0.740367 1.019027
-0.629793 1.090834
-0.512320 1.150690
-0.389234 1.197938
-0.261883 1.232062
-0.131663 1.252687
-0.000000 1.259587
0.131663 1.252687
0.261883 1.232062
0.389234 1.197938
0.512320 1.150690
0.629793 1.090834
0.740367 1.019027
0.842828 0.936055
0.936055 0.842828
1.019027 0.740367
1.090834 0.629793
1.150690 0.512320
1.197938 0.389234
1.232062 0.261883
1.252687 0.131663
1.259587 0.000000
1.321504 0.000000
1.314265 -0.138135
1.292626 -0.274756
1.256825 -0.408367
1.207254 -0.537504
1.144456 -0.660752
1.069119 -0.776761
0.982069 -0.884259
0.884259 -0.982069
0.776761 -1.069119
0.660752 -1.144456
0.537504 -1.207254
0.408367 -1.256825
0.274756 -1.292626
0.138135 -1.314265
0.000000 -1.321504
-0.138135 -1.314265
-0.274756 -1.292626
-0.408367 -1.256825
-0.537504 -1.207254
-0.660752 -1.144456
-0.776761 -1.069119
-0.884259 -0.982069
-0.982069 -0.884259
-1.069119 -0.776761
-1.144456 -0.660752
-1.207254 -0.537504
-1.256825 -0.408367
-1.292626 -0.274756
-1.314265 -0.138135
-1.321504 -0.000000
-1.314265 0.138135
-1.292626 0.274756
-1.256825 0.408367
-1.207254 0.537504
-1.144456 0.660752
-1.069119 0.776761
-0.982069 0.884259
-0.884259 0.982069
-0.776761 1.069119
-0.660752 1.144456
-0.537504 1.207254
-0.408367 1.256825
-0.274756 1.292626
-0.138135 1.314265
-0.000000 1.321504
0.138135 1.314265
0.274756 1.292626
0.408367 1.256825
0.537504 1.207254
0.660752 1.144456
0.776761 1.069119
0.884259 0.982069
0.982069 0.884259
1.069119 0.776761
1.144456 0.660752
1.207254 0.537504
1.256825 0.408367
1.292626 0.274756
1.314265 0.138135
1.321504 0.000000
1.395805 0.000000
1.388159 -0.145901
1.365303 -0.290204
1.327489 -0.431327
1.275131 -0.567725
1.208803 -0.697903
1.129230 -0.820434
1.037285 -0.933976
0.933976 -1.037285
0.820434 -1.129230
0.697903 -1.208803
0.567725 -1.275131
0.431327 -1.327489
0.290204 -1.365303
0.145901 -1.388159
0.000000 -1.395805
-0.145901 -1.388159
-0.290204 -1.365303
-0.431327 -1.327489
-0.567725 -1.275131
-0.697903 -1.208803
-0.820434 -1.129230
-0.933976 -1.037285
-1.037285 -0.933976
-1.129230 -0.820434
-1.208803 -0.697903
-1.275131 -0.567725
-1.327489 -0.431327
-1.365303 -0.290204
-1.388159 -0.145901
-1.395805 -0.000000
-1.388159 0.145901
-1.365303 0.290204
-1.327489 0.431327
-1.275131 0.567725
-1.208803 0.697903
-1.129230 0.820434
-1.037285 0.933976
-0.933976 1.037285
-0.820434 1.129230
-0.697903 1.208803
-0.567725 1.275131
-0.431327 1.327489
-0.290204 1.365303
-0.145901 1.388159
-0.000000 1.395805
0.145901 1.388159
0.290204 1.365303
0.431327 1.327489
0.567725 1.275131
0.697903 1.208803
0.820434 1.129230
0.933976 1.037285
1.037285 0.933976
1.129230 0.820434
1.208803 0.697903
1.275131 0.567725
1.327489 0.431327
1.365303 0.290204
1.388159 0.145901
1.395805 0.000000
1.484966 0.000000
1.476831 -0.155221
1.452516 -0.308742
1.412287 -0.458880
1.356584 -0.603990
1.286018 -0.742483
1.201363 -0.872841
1.103545 -0.993636
0.993636 -1.103545
0.872841 -1.201363
0.742483 -1.286018
0.603990 -1.356584
0.458880 -1.412287
0.308742 -1.452516
0.155221 -1.476831
0.000000 -1.484966
-0.155221 -1.476831
-0.308742 -1.452516
-0.458880 -1.412287
-0.603990 -1.356584
-0.742483 -1.286018
-0.872841 -1.201363
-0.993636 -1.103545
-1.103545 -0.993636
-1.201363 -0.872841
-1.286018 -0.742483
-1.356584 -0.603990
-1.412287 -0.458880
-1.452516 -0.308742
-1.476831 -0.155221
-1.484966 -0.000000
-1.476831 0.155221
-1.452516 0.308742
-1.412287 0.458880
-1.356584 0.603990
-1.286018 0.742483
-1.201363 0.872841
-1.103545 0.993636
-0.993636 1.103545
-0.872841 1.201363
-0.742483 1.286018
-0.603990 1.356584
-0.458880 1.412287
-0.308742 1.452516
-0.155221 1.476831
-0.000000 1.484966
0.155221 1.476831
0.308742 1.452516
0.458880 1.412287
0.603990 1.356584
0.742483 1.286018
0.872841 1.201363
0.993636 1.103545
1.103545 0.993636
1.201363 0.872841
1.286018 0.742483
1.356584 0.603990
1.412287 0.458880
1.452516 0.308742
1.476831 0.155221
1.484966 0.000000
1.591959 0.000000
1.583238 -0.166405
1.557171 -0.330987
1.514043 -0.491942
1.454327 -0.647508
1.378677 -0.795980
1.287922 -0.935730
1.183056 -1.065229
1.065229 -1.183056
0.935730 -1.287922
0.795980 -1.378677
0.647508 -1.454327
0.491942 -1.514043
0.330987 -1.557171
0.166405 -1.583238
0.000000 -1.591959
-0.166405 -1.583238
-0.330987 -1.557171
-0.491942 -1.514043
-0.647508 -1.454327
-0.795980 -1.378677
-0.935730 -1.287922
-1.065229 -1.183056
-1.183056 -1.065229
-1.287922 -0.935730
-1.378677 -0.795980
-1.454327 -0.647508
-1.514043 -0.491942
-1.557171 -0.330987
-1.583238 -0.166405
-1.591959 -0.000000
-1.583238 0.166405
-1.557171 0.330987
-1.514043 0.491942
-1.454327 0.647508
-1.378677 0.795980
-1.287922 0.935730
-1.183056 1.065229
-1.065229 1.183056
-0.935730 1.287922
-0.795980 1.378677
-0.647508 1.454327
-0.491942 1.514043
-0.330987 1.557171
-0.166405 1.583238
-0.000000 1.591959
0.166405 1.583238
0.330987 1.557171
0.491942 1.514043
0.647508 1.454327
0.795980 1.378677
0.935730 1.287922
1.065229 1.183056
1.183056 1.065229
1.287922 0.935730
1.378677 0.795980
1.454327 0.647508
1.514043 0.491942
1.557171 0.330987
1.583238 0.166405
1.591959 0.000000
1.720351 0.000000
1.710927 -0.179826
1.682757 -0.357681
1.636151 -0.531618
1.571619 -0.699730
1.489868 -0.860176
1.391793 -1.011197
1.278470 -1.151140
1.151140 -1.278470
1.011197 -1.391793
0.860176 -1.489868
0.699730 -1.571619
0.531618 -1.636151
0.357681 -1.682757
0.179826 -1.710927
0.000000 -1.720351
-0.179826 -1.710927
-0.357681 -1.682757
-0.531618 -1.636151
-0.699730 -1.571619
-0.860176 -1.489868
-1.011197 -1.391793
-1.151140 -1.278470
-1.278470 -1.151140
-1.391793 -1.011197
-1.489868 -0.860176
-1.571619 -0.699730
-1.636151 -0.531618
-1.682757 -0.357681
-1.710927 -0.179826
-1.720351 -0.000000
-1.710927 0.179826
-1.682757 0.357681
-1.636151 0.531618
-1.571619 0.699730
-1.489868 0.860176
-1.391793 1.011197
-1.278470 1.151140
-1.151140 1.278470
-1.011197 1.391793
-0.860176 1.489868
-0.699730 1.571619
-0.531618 1.636151
-0.357681 1.682757
-0.179826 1.710927
-0.000000 1.720351
0.179826 1.710927
0.357681 1.682757
0.531618 1.636151
0.699730 1.571619
0.860176 1.489868
1.011197 1.391793
1.151140 1.278470
1.278470 1.151140
1.391793 1.011197
1.489868 0.860176
1.571619 0.699730
1.636151 0.531618
1.682757 0.357681
1.710927 0.179826
1.720351 0.000000
1.874421 0.000000
1.864153 -0.195930
1.833461 -0.389714
1.782681 -0.579228
1.712369 -0.762396
1.623296 -0.937211
1.516439 -1.101757
1.392966 -1.254233
1.254233 -1.392966
1.101757 -1.516439
0.937211 -1.623296
0.762396 -1.712369
0.579228 -1.782681
0.389714 -1.833461
0.195930 -1.864153
0.000000 -1.874421
-0.195930 -1.864153
-0.389714 -1.833461
-0.579228 -1.782681
-0.762396 -1.712369
-0.937211 -1.623296
-1.101757 -1.516439
-1.254233 -1.392966
-1.392966 -1.254233
-1.516439 -1.101757
-1.623296 -0.937211
-1.712369 -0.762396
-1.782681 -0.579228
-1.833461 -0.389714
-1.864153 -0.195930
-1.874421 -0.000000
-1.864153 0.195930
-1.833461 0.389714
-1.782681 0.579228
-1.712369 0.762396
-1.623296 0.937211
-1.516439 1.101757
-1.392966 1.254233
-1.254233 1.392966
-1.101757 1.516439
-0.937211 1.623296
-0.762396 1.712369
-0.579228 1.782681
-0.389714 1.833461
-0.195930 1.864153
-0.000000 1.874421
0.195930 1.864153
0.389714 1.833461
0.579228 1.782681
0.762396 1.712369
0.937211 1.623296
1.101757 1.516439
1.254233 1.392966
1.392966 1.254233
1.516439 1.101757
1.623296 0.937211
1.712369 0.762396
1.782681 0.579228
1.833461 0.389714
1.864153 0.195930
1.874421 0.000000
2.059306 0.000000
2.048024 -0.215256
2.014305 -0.428154
1.958516 -0.636360
1.881269 -0.837595
1.783411 -1.029653
1.666013 -1.210429
1.530362 -1.377944
1.377944 -1.530362
1.210429 -1.666013
1.029653 -1.783411
0.837595 -1.881269
0.636360 -1.958516
0.428154 -2.014305
0.215256 -2.048024
0.000000 -2.059306
-0.215256 -2.048024
-0.428154 -2.014305
-0.636360 -1.958516
-0.837595 -1.881269
-1.029653 -1.783411
-1.210429 -1.666013
-1.377944 -1.530362
-1.530362 -1.377944
-1.666013 -1.210429
-1.783411 -1.029653
-1.881269 -0.837595
-1.958516 -0.636360
-2.014305 -0.428154
-2.048024 -0.215256
-2.059306 -0.000000
-2.048024 0.215256
-2.014305 0.428154
-1.958516 0.636360
-1.881269 0.837595
-1.783411 1.029653
-1.666013 1.210429
-1.530362 1.377944
-1.377944 1.530362
-1.210429 1.666013
-1.029653 1.783411
-0.837595 1.881269
-0.636360 1.958516
-0.428154 2.014305
-0.215256 2.048024
-0.000000 2.059306
0.215256 2.048024
0.428154 2.014305
0.636360 1.958516
0.837595 1.881269
1.029653 1.783411
1.210429 1.666013
1.377944 1.530362
1.530362 1.377944
1.666013 1.210429
1.783411 1.029653
1.881269 0.837595
1.958516 0.636360
2.014305 0.428154
2.048024 0.215256
2.059306 0.000000
2.281167 0.000000
2.268670 -0.238447
2.231318 -0.474281
2.169518 -0.704919
2.083949 -0.927834
1.975548 -1.140583
1.845503 -1.340836
1.695237 -1.526398
1.526398 -1.695237
1.340836 -1.845503
1.140583 -1.975548
0.927834 -2.083949
0.704919 -2.169518
0.474281 -2.231318
0.238447 -2.268670
0.000000 -2.281167
-0.238447 -2.268670
-0.474281 -2.231318
-0.704919 -2.169518
-0.927834 -2.083949
-1.140583 -1.975548
-1.340836 -1.845503
-1.526398 -1.695237
-1.695237 -1.526398
-1.845503 -1.340836
-1.975548 -1.140583
-2.083949 -0.927834
-2.169518 -0.704919
-2.231318 -0.474281
-2.268670 -0.238447
-2.281167 -0.000000
-2.268670 0.238447
-2.231318 0.474281
-2.169518 0.704919
-2.083949 0.927834
-1.975548 1.140583
-1.845503 1.340836
-1.695237 1.526398
-1.526398 1.695237
-1.340836 1.845503
-1.140583 1.975548
-0.927834 2.083949
-0.704919 2.169518
-0.474281 2.231318
-0.238447 2.268670
-0.000000 2.281167
0.238447 2.268670
0.474281 2.231318
0.704919 2.169518
0.927834 2.083949
1.140583 1.975548
1.340836 1.845503
1.526398 1.695237
1.695237 1.526398
1.845503 1.340836
1.975548 1.140583
2.083949 0.927834
2.169518 0.704919
2.231318 0.474281
2.268670 0.238447
2.281167 0.000000
2.547400 0.000000
2.533445 -0.266276
2.491733 -0.529634
2.422721 -0.787190
2.327166 -1.036121
2.206113 -1.273700
2.060890 -1.497324
1.893087 -1.704543
1.704543 -1.893087
1.497324 -2.060890
1.273700 -2.206113
1.036121 -2.327166
0.787190 -2.422721
0.529634 -2.491733
0.266276 -2.533445
0.000000 -2.547400
-0.266276 -2.533445
-0.529634 -2.491733
-0.787190 -2.422721
-1.036121 -2.327166
-1.273700 -2.206113
-1.497324 -2.060890
-1.704543 -1.893087
-1.893087 -1.704543
-2.060890 -1.497324
-2.206113 -1.273700
-2.327166 -1.036121
-2.422721 -0.787190
-2.491733 -0.529634
-2.533445 -0.266276
-2.547400 -0.000000
-2.533445 0.266276
-2.491733 0.529634
-2.422721 0.787190
-2.327166 1.036121
-2.206113 1.273700
-2.060890 1.497324
-1.893087 1.704543
-1.704543 1.893087
-1.497324 2.060890
-1.273700 2.206113
-1.036121 2.327166
-0.787190 2.422721
-0.529634 2.491733
-0.266276 2.533445
-0.000000 2.547400
0.266276 2.533445
0.529634 2.491733
0.787190 2.422721
1.036121 2.327166
1.273700 2.206113
1.497324 2.060890
1.704543 1.893087
1.893087 1.704543
2.060890 1.497324
2.206113 1.273700
2.327166 1.036121
2.422721 0.787190
2.491733 0.529634
2.533445 0.266276
2.547400 0.000000
2.866880 0.000000
2.851175 -0.299671
2.804232 -0.596058
2.726565 -0.885915
2.619025 -1.166065
2.482791 -1.433440
2.319355 -1.685110
2.130507 -1.918317
1.918317 -2.130507
1.685110 -2.319355
1.433440 -2.482791
1.166065 -2.619025
0.885915 -2.726565
0.596058 -2.804232
0.299671 -2.851175
0.000000 -2.866880
-0.299671 -2.851175
-0.596058 -2.804232
-0.885915 -2.726565
-1.166065 -2.619025
-1.433440 -2.482791
-1.685110 -2.319355
-1.918317 -2.130507
-2.130507 -1.918317
-2.319355 -1.685110
-2.482791 -1.433440
-2.619025 -1.166065
-2.726565 -0.885915
-2.804232 -0.596058
-2.851175 -0.299671
-2.866880 -0.000000
-2.851175 0.299671
-2.804232 0.596058
-2.726565 0.885915
-2.619025 1.166065
-2.482791 1.433440
-2.319355 1.685110
-2.130507 1.918317
-1.918317 2.130507
-1.685110 2.319355
-1.433440 2.482791
-1.166065 2.619025
-0.885915 2.726565
-0.596058 2.804232
-0.299671 2.851175
-0.000000 2.866880
0.299671 2.851175
0.596058 2.804232
0.885915 2.726565
1.166065 2.619025
1.433440 2.482791
1.685110 2.319355
1.918317 2.130507
2.130507 1.918317
2.319355 1.685110
2.482791 1.433440
2.619025 1.166065
2.726565 0.885915
2.804232 0.596058
2.851175 0.299671
2.866880 0.000000
3.250256 0.000000
3.232451 -0.339744
3.179230 -0.675766
3.091177 -1.004384
2.969257 -1.321998
2.814804 -1.625128
2.629512 -1.910453
2.415411 -2.174846
2.174846 -2.415411
1.910453 -2.629512
1.625128 -2.814804
1.321998 -2.969257
1.004384 -3.091177
0.675766 -3.179230
0.339744 -3.232451
0.000000 -3.250256
-0.339744 -3.232451
-0.675766 -3.179230
-1.004384 -3.091177
-1.321998 -2.969257
-1.625128 -2.814804
-1.910453 -2.629512
-2.174846 -2.415411
-2.415411 -2.174846
-2.629512 -1.910453
-2.814804 -1.625128
-2.969257 -1.321998
-3.091177 -1.004384
-3.179230 -0.675766
-3.232451 -0.339744
-3.250256 -0.000000
-3.232451 0.339744
-3.179230 0.675766
-3.091177 1.004384
-2.969257 1.321998
-2.814804 1.625128
-2.629512 1.910453
-2.415411 2.174846
-2.174846 2.415411
-1.910453 2.629512
-1.625128 2.814804
-1.321998 2.969257
-1.004384 3.091177
-0.675766 3.179230
-0.339744 3.232451
-0.000000 3.250256
0.339744 3.232451
0.675766 3.179230
1.004384 3.091177
1.321998 2.969257
1.625128 2.814804
1.910453 2.629512
2.174846 2.415411
2.415411 2.174846
2.629512 1.910453
2.814804 1.625128
2.969257 1.321998
3.091177 1.004384
3.179230 0.675766
3.232451 0.339744
3.250256 0.000000
3.710307 0.000000
3.689982 -0.387833
3.629228 -0.771416
3.528712 -1.146548
3.389534 -1.509118
3.213220 -1.855154
3.001702 -2.180864
2.757296 -2.482680
2.482680 -2.757296
2.180864 -3.001702
1.855154 -3.213220
1.509118 -3.389534
1.146548 -3.528712
0.771416 -3.629228
0.387833 -3.689982
0.000000 -3.710307
-0.387833 -3.689982
-0.771416 -3.629228
-1.146548 -3.528712
-1.509118 -3.389534
-1.855154 -3.213220
-2.180864 -3.001702
-2.482680 -2.757296
-2.757296 -2.482680
-3.001702 -2.180864
-3.213220 -1.855154
-3.389534 -1.509118
-3.528712 -1.146548
-3.629228 -0.771416
-3.689982 -0.387833
-3.710307 -0.000000
-3.689982 0.387833
-3.629228 0.771416
-3.528712 1.146548
-3.389534 1.509118
-3.213220 1.855154
-3.001702 2.180864
-2.757296 2.482680
-2.482680 2.757296
-2.180864 3.001702
-1.855154 3.213220
-1.509118 3.389534
-1.146548 3.528712
-0.771416 3.629228
-0.387833 3.689982
-0.000000 3.710307
0.387833 3.689982
0.771416 3.629228
1.146548 3.528712
1.509118 3.389534
1.855154 3.213220
2.180864 3.001702
2.482680 2.757296
2.757296 2.482680
3.001702 2.180864
3.213220 1.855154
3.389534 1.509118
3.528712 1.146548
3.629228 0.771416
3.689982 0.387833
3.710307 0.000000
4.262369 0.000000
4.239019 -0.445539
4.169226 -0.886196
4.053753 -1.317144
3.893868 -1.733662
3.691320 -2.131184
3.448329 -2.505357
3.167557 -2.852081
2.852081 -3.167557
2.505357 -3.448329
2.131184 -3.691320
1.733662 -3.893868
1.317144 -4.053753
0.886196 -4.169226
0.445539 -4.239019
0.000000 -4.262369
-0.445539 -4.239019
-0.886196 -4.169226
-1.317144 -4.053753
-1.733662 -3.893868
-2.131184 -3.691320
-2.505357 -3.448329
-2.852081 -3.167557
-3.167557 -2.852081
-3.448329 -2.505357
-3.691320 -2.131184
-3.893868 -1.733662
-4.053753 -1.317144
-4.169226 -0.886196
-4.239019 -0.445539
-4.262369 -0.000000
-4.239019 0.445539
-4.169226 0.886196
-4.053753 1.317144
-3.893868 1.733662
-3.691320 2.131184
-3.448329 2.505357
-3.167557 2.852081
-2.852081 3.167557
-2.505357 3.448329
-2.131184 3.691320
-1.733662 3.893868
-1.317144 4.053753
-0.886196 4.169226
-0.445539 4.239019
-0.000000 4.262369
0.445539 4.239019
0.886196 4.169226
1.317144 4.053753
1.733662 3.893868
2.131184 3.691320
2.505357 3.448329
2.852081 3.167557
3.167557 2.852081
3.448329 2.505357
3.691320 2.131184
3.893868 1.733662
4.053753 1.317144
4.169226 0.886196
4.239019 0.445539
4.262369 0.000000
4.924842 0.000000
4.897864 -0.514786
4.817223 -1.023932
4.683803 -1.521860
4.499067 -2.003114
4.265039 -2.462421
3.984281 -2.894750
3.659871 -3.295363
3.295363 -3.659871
2.894750 -3.984281
2.462421 -4.265039
2.003114 -4.499067
1.521860 -4.683803
1.023932 -4.817223
0.514786 -4.897864
0.000000 -4.924842
-0.514786 -4.897864
-1.023932 -4.817223
-1.521860 -4.683803
-2.003114 -4.499067
-2.462421 -4.265039
-2.894750 -3.984281
-3.295363 -3.659871
-3.659871 -3.295363
-3.984281 -2.894750
-4.265039 -2.462421
-4.499067 -2.003114
-4.683803 -1.521860
-4.817223 -1.023932
-4.897864 -0.514786
-4.924842 -0.000000
-4.897864 0.514786
-4.817223 1.023932
-4.683803 1.521860
-4.499067 2.003114
-4.265039 2.462421
-3.984281 2.894750
-3.659871 3.295363
-3.295363 3.659871
-2.894750 3.984281
-2.462421 4.265039
-2.003114 4.499067
-1.521860 4.683803
-1.023932 4.817223
-0.514786 4.897864
-0.000000 4.924842
0.514786 4.897864
1.023932 4.817223
1.521860 4.683803
2.003114 4.499067
2.462421 4.265039
2.894750 3.984281
3.295363 3.659871
3.659871 3.295363
3.984281 2.894750
4.265039 2.462421
4.499067 2.003114
4.683803 1.521860
4.817223 1.023932
4.897864 0.514786
4.924842 0.000000
5.719811 0.000000
5.688477 -0.597883
5.594819 -1.189216
5.439863 -1.767519
5.225307 -2.326457
4.953501 -2.859905
4.627424 -3.362020
4.250648 -3.827300
3.827300 -4.250648
3.362020 -4.627424
2.859905 -4.953501
2.326457 -5.225307
1.767519 -5.439863
1.189216 -5.594819
0.597883 -5.688477
0.000000 -5.719811
-0.597883 -5.688477
-1.189216 -5.594819
-1.767519 -5.439863
-2.326457 -5.225307
-2.859905 -4.953501
-3.362020 -4.627424
-3.827300 -4.250648
-4.250648 -3.827300
-4.627424 -3.362020
-4.953501 -2.859905
-5.225307 -2.326457
-5.439863 -1.767519
-5.594819 -1.189216
-5.688477 -0.597883
-5.719811 -0.000000
-5.688477 0.597883
-5.594819 1.189216
-5.439863 1.767519
-5.225307 2.326457
-4.953501 2.859905
-4.627424 3.362020
-4.250648 3.827300
-3.827300 4.250648
-3.362020 4.627424
-2.859905 4.953501
-2.326457 5.225307
-1.767519 5.439863
-1.189216 5.594819
-0.597883 5.688477
-0.000000 5.719811
0.597883 5.688477
1.189216 5.594819
1.767519 5.439863
2.326457 5.225307
2.859905 4.953501
3.362020 4.627424
3.827300 4.250648
4.250648 3.827300
4.627424 3.362020
4.953501 2.859905
5.225307 2.326457
5.439863 1.767519
5.594819 1.189216
5.688477 0.597883
5.719811 0.000000
6.673773 0.000000
6.637213 -0.697599
6.527935 -1.387555
6.347135 -2.062309
6.096795 -2.714468
5.779657 -3.336886
5.399196 -3.922745
4.959580 -4.465626
4.465626 -4.959580
3.922745 -5.399196
3.336886 -5.779657
2.714468 -6.096795
2.062309 -6.347135
1.387555 -6.527935
0.697599 -6.637213
0.000000 -6.673773
-0.697599 -6.637213
-1.387555 -6.527935
-2.062309 -6.347135
-2.714468 -6.096795
-3.336886 -5.779657
-3.922745 -5.399196
-4.465626 -4.959580
-4.959580 -4.465626
-5.399196 -3.922745
-5.779657 -3.336886
-6.096795 -2.714468
-6.347135 -2.062309
-6.527935 -1.387555
-6.637213 -0.697599
-6.673773 -0.000000
-6.637213 0.697599
-6.527935 1.387555
-6.347135 2.062309
-6.096795 2.714468
-5.779657 3.336886
-5.399196 3.922745
-4.959580 4.465626
-4.465626 4.959580
-3.922745 5.399196
-3.336886 5.779657
-2.714468 6.096795
-2.062309 6.347135
-1.387555 6.527935
-0.697599 6.637213
-0.000000 6.673773
0.697599 6.637213
1.387555 6.527935
2.062309 6.347135
2.714468 6.096795
3.336886 5.779657
3.922745 5.399196
4.465626 4.959580
4.959580 4.465626
5.399196 3.922745
5.779657 3.336886
6.096795 2.714468
6.347135 2.062309
6.527935 1.387555
6.637213 0.697599
6.673773 0.000000
7.818528 0.000000
7.775697 -0.817259
7.647674 -1.625563
7.435862 -2.416058
7.142580 -3.180082
6.771044 -3.909264
6.325322 -4.595615
5.810298 -5.231616
5.231616 -5.810298
4.595615 -6.325322
3.909264 -6.771044
3.180082 -7.142580
2.416058 -7.435862
1.625563 -7.647674
0.817259 -7.775697
0.000000 -7.818528
-0.817259 -7.775697
-1.625563 -7.647674
-2.416058 -7.435862
-3.180082 -7.142580
-3.909264 -6.771044
-4.595615 -6.325322
-5.231616 -5.810298
-5.810298 -5.231616
-6.325322 -4.595615
-6.771044 -3.909264
-7.142580 -3.180082
-7.435862 -2.416058
-7.647674 -1.625563
-7.775697 -0.817259
-7.818528 -0.000000
-7.775697 0.817259
-7.647674 1.625563
-7.435862 2.416058
-7.142580 3.180082
-6.771044 3.909264
-6.325322 4.595615
-5.810298 5.231616
-5.231616 5.810298
-4.595615 6.325322
-3.909264 6.771044
-3.180082 7.142580
-2.416058 7.435862
-1.625563 7.647674
-0.817259 7.775697
-0.000000 7.818528
0.817259 7.775697
1.625563 7.647674
2.416058 7.435862
3.180082 7.142580
3.909264 6.771044
4.595615 6.325322
5.231616 5.810298
5.810298 5.231616
6.325322 4.595615
6.771044 3.909264
7.142580 3.180082
7.435862 2.416058
7.647674 1.625563
7.775697 0.817259
7.818528 0.000000
9.192233 0.000000
9.141877 -0.960850
8.991361 -1.911173
8.742333 -2.840556
8.397523 -3.738818
7.960707 -4.596117
7.436673 -5.403059
6.831160 -6.150805
6.150805 -6.831160
5.403059 -7.436673
4.596117 -7.960707
3.738818 -8.397523
2.840556 -8.742333
1.911173 -8.991361
0.960850 -9.141877
0.000000 -9.192233
-0.960850 -9.141877
-1.911173 -8.991361
-2.840556 -8.742333
-3.738818 -8.397523
-4.596117 -7.960707
-5.403059 -7.436673
-6.150805 -6.831160
-6.831160 -6.150805
-7.436673 -5.403059
-7.960707 -4.596117
-8.397523 -3.738818
-8.742333 -2.840556
-8.991361 -1.911173
-9.141877 -0.960850
-9.192233 -0.000000
-9.141877 0.960850
-8.991361 1.911173
-8.742333 2.840556
-8.397523 3.738818
-7.960707 4.596117
-7.436673 5.403059
-6.831160 6.150805
-6.150805 6.831160
-5.403059 7.436673
-4.596117 7.960707
-3.738818 8.397523
-2.840556 8.742333
-1.911173 8.991361
-0.960850 9.141877
-0.000000 9.192233
0.960850 9.141877
1.911173 8.991361
2.840556 8.742333
3.738818 8.397523
4.596117 7.960707
5.403059 7.436673
6.150805 6.831160
6.831160 6.150805
7.436673 5.403059
7.960707 4.596117
8.397523 3.738818
8.742333 2.840556
8.991361 1.911173
9.141877 0.960850
9.192233 0.000000
10.840680 0.000000
10.781293 -1.133160
10.603785 -2.253904
10.310099 -3.349954
9.903454 -4.409302
9.388304 -5.420340
8.770294 -6.371992
8.056195 -7.253831
7.253831 -8.056195
6.371992 -8.770294
5.420340 -9.388304
4.409302 -9.903454
3.349954 -10.310099
2.253904 -10.603785
1.133160 -10.781293
0.000000 -10.840680
-1.133160 -10.781293
-2.253904 -10.603785
-3.349954 -10.310099
-4.409302 -9.903454
-5.420340 -9.388304
-6.371992 -8.770294
-7.253831 -8.056195
-8.056195 -7.253831
-8.770294 -6.371992
-9.388304 -5.420340
-9.903454 -4.409302
-10.310099 -3.349954
-10.603785 -2.253904
-10.781293 -1.133160
-10.840680 -0.000000
-10.781293 1.133160
-10.603785 2.253904
-10.310099 3.349954
-9.903454 4.409302
-9.388304 5.420340
-8.770294 6.371992
-8.056195 7.253831
-7.253831 8.056195
-6.371992 8.770294
-5.420340 9.388304
-4.409302 9.903454
-3.349954 10.310099
-2.253904 10.603785
-1.133160 10.781293
-0.000000 10.840680
1.133160 10.781293
2.253904 10.603785
3.349954 10.310099
4.409302 9.903454
5.420340 9.388304
6.371992 8.770294
7.253831 8.056195
8.056195 7.253831
8.770294 6.371992
9.388304 5.420340
9.903454 4.409302
10.310099 3.349954
10.603785 2.253904
10.781293 1.133160
10.840680 0.000000
12.818816 0.000000
12.748593 -1.339931
12.538694 -2.665182
12.191418 -3.961232
11.710571 -5.213882
11.101420 -6.409408
10.370640 -7.534711
9.526237 -8.577462
8.577462 -9.526237
7.534711 -10.370640
6.409408 -11.101420
5.213882 -11.710571
3.961232 -12.191418
2.665182 -12.538694
1.339931 -12.748593
0.000000 -12.818816
-1.339931 -12.748593
-2.665182 -12.538694
-3.961232 -12.191418
-5.213882 -11.710571
-6.409408 -11.101420
-7.534711 -10.370640
-8.577462 -9.526237
-9.526237 -8.577462
-10.370640 -7.534711
-11.101420 -6.409408
-11.710571 -5.213882
-12.191418 -3.961232
-12.538694 -2.665182
-12.748593 -1.339931
-12.818816 -0.000000
-12.748593 1.339931
-12.538694 2.665182
-12.191418 3.961232
-11.710571 5.213882
-11.101420 6.409408
-10.370640 7.534711
-9.526237 8.577462
-8.577462 9.526237
-7.534711 10.370640
-6.409408 11.101420
-5.213882 11.710571
-3.961232 12.191418
-2.665182 12.538694
-1.339931 12.748593
-0.000000 12.818816
1.339931 12.748593
2.665182 12.538694
3.961232 12.191418
5.213882 11.710571
6.409408 11.101420
7.534711 10.370640
8.577462 9.526237
9.526237 8.577462
10.370640 7.534711
11.101420 6.409408
11.710571 5.213882
12.191418 3.961232
12.538694 2.665182
12.748593 1.339931
12.818816 0.000000
15.192579 0.000000
15.109352 -1.588057
14.860585 -3.158715
14.449001 -4.694765
13.879111 -6.179379
13.157159 -7.596289
12.291054 -8.929974
11.290286 -10.165819
10.165819 -11.290286
8.929974 -12.291054
7.596289 -13.157159
6.179379 -13.879111
4.694765 -14.449001
3.158715 -14.860585
1.588057 -15.109352
0.000000 -15.192579
-1.588057 -15.109352
-3.158715 -14.860585
-4.694765 -14.449001
-6.179379 -13.879111
-7.596289 -13.157159
-8.929974 -12.291054
-10.165819 -11.290286
-11.290286 -10.165819
-12.291054 -8.929974
-13.157159 -7.596289
-13.879111 -6.179379
-14.449001 -4.694765
-14.860585 -3.158715
-15.109352 -1.588057
-15.192579 -0.000000
-15.109352 1.588057
-14.860585 3.158715
-14.449001 4.694765
-13.879111 6.179379
-13.157159 7.596289
-12.291054 8.929974
-11.290286 10.165819
-10.165819 11.290286
-8.929974 12.291054
-7.596289 13.157159
-6.179379 13.879111
-4.694765 14.449001
-3.158715 14.860585
-1.588057 15.109352
-0.000000 15.192579
1.588057 15.109352
3.158715 14.860585
4.694765 14.449001
6.179379 13.879111
7.596289 13.157159
8.929974 12.291054
10.165819 11.290286
11.290286 10.165819
12.291054 8.929974
13.157159 7.596289
13.879111 6.179379
14.449001 4.694765
14.860585 3.158715
15.109352 1.588057
15.192579 0.000000
18.041095 0.000000
17.942264 -1.885808
17.646853 -3.750954
17.158101 -5.575005
16.481360 -7.337974
15.624046 -9.020547
14.595552 -10.604289
13.407146 -12.071849
12.071849 -13.407146
10.604289 -14.595552
9.020547 -15.624046
7.337974 -16.481360
5.575005 -17.158101
3.750954 -17.646853
1.885808 -17.942264
0.000000 -18.041095
-1.885808 -17.942264
-3.750954 -17.646853
-5.575005 -17.158101
-7.337974 -16.481360
-9.020547 -15.624046
-10.604289 -14.595552
-12.071849 -13.407146
-13.407146 -12.071849
-14.595552 -10.604289
-15.624046 -9.020547
-16.481360 -7.337974
-17.158101 -5.575005
-17.646853 -3.750954
-17.942264 -1.885808
-18.041095 -0.000000
-17.942264 1.885808
-17.646853 3.750954
-17.158101 5.575005
-16.481360 7.337974
-15.624046 9.020547
-14.595552 10.604289
-13.407146 12.071849
-12.071849 13.407146
-10.604289 14.595552
-9.020547 15.624046
-7.337974 16.481360
-5.575005 17.158101
-3.750954 17.646853
-1.885808 17.942264
-0.000000 18.041095
1.885808 17.942264
3.750954 17.646853
5.575005 17.158101
7.337974 16.481360
9.020547 15.624046
10.604289 14.595552
12.071849 13.407146
13.407146 12.071849
14.595552 10.604289
15.624046 9.020547
16.481360 7.337974
17.158101 5.575005
17.646853 3.750954
17.942264 1.885808
18.041095 0.000000
21.459314 0.000000
21.341757 -2.243109
20.990376 -4.461642
20.409020 -6.631293
19.604058 -8.728289
18.584311 -10.729657
17.360949 -12.613468
15.947378 -14.359083
14.359083 -15.947378
12.613468 -17.360949
10.729657 -18.584311
8.728289 -19.604058
6.631293 -20.409020
4.461642 -20.990376
2.243109 -21.341757
0.000000 -21.459314
-2.243109 -21.341757
-4.461642 -20.990376
-6.631293 -20.409020
-8.728289 -19.604058
-10.729657 -18.584311
-12.613468 -17.360949
-14.359083 -15.947378
-15.947378 -14.359083
-17.360949 -12.613468
-18.584311 -10.729657
-19.604058 -8.728289
-20.409020 -6.631293
-20.990376 -4.461642
-21.341757 -2.243109
-21.459314 -0.000000
-21.341757 2.243109
-20.990376 4.461642
-20.409020 6.631293
-19.604058 8.728289
-18.584311 10.729657
-17.360949 12.613468
-15.947378 14.359083
-14.359083 15.947378
-12.613468 17.360949
-10.729657 18.584311
-8.728289 19.604058
-6.631293 20.409020
-4.461642 20.990376
-2.243109 21.341757
-0.000000 21.459314
2.243109 21.341757
4.461642 20.990376
6.631293 20.409020
8.728289 19.604058
10.729657 18.584311
12.613468 17.360949
14.359083 15.947378
15.947378 14.359083
17.360949 12.613468
18.584311 10.729657
19.604058 8.728289
20.409020 6.631293
20.990376 4.461642
21.341757 2.243109
21.459314 0.000000
25.561176 0.000000
25.421149 -2.671870
25.002603 -5.314467
24.310123 -7.898838
23.351296 -10.396667
22.136628 -12.780588
20.679426 -15.024482
18.995656 -17.103765
17.103765 -18.995656
15.024482 -20.679426
12.780588 -22.136628
10.396667 -23.351296
7.898838 -24.310123
5.314467 -25.002603
2.671870 -25.421149
0.000000 -25.561176
-2.671870 -25.421149
-5.314467 -25.002603
-7.898838 -24.310123
-10.396667 -23.351296
-12.780588 -22.136628
-15.024482 -20.679426
-17.103765 -18.995656
-18.995656 -17.103765
-20.679426 -15.024482
-22.136628 -12.780588
-23.351296 -10.396667
-24.310123 -7.898838
-25.002603 -5.314467
-25.421149 -2.671870
-25.561176 -0.000000
-25.421149 2.671870
-25.002603 5.314467
-24.310123 7.898838
-23.351296 10.396667
-22.136628 12.780588
-20.679426 15.024482
-18.995656 17.103765
-17.103765 18.995656
-15.024482 20.679426
-12.780588 22.136628
-10.396667 23.351296
-7.898838 24.310123
-5.314467 25.002603
-2.671870 25.421149
-0.000000 25.561176
2.671870 25.421149
5.314467 25.002603
7.898838 24.310123
10.396667 23.351296
12.780588 22.136628
15.024482 20.679426
17.103765 18.995656
18.995656 17.103765
20.679426 15.024482
22.136628 12.780588
23.351296 10.396667
24.310123 7.898838
25.002603 5.314467
25.421149 2.671870
25.561176 0.000000
30.483411 0.000000
30.316420 -3.186384
29.817276 -6.337858
28.991447 -9.419892
27.847982 -12.398720
26.399409 -15.241706
24.661598 -17.917700
22.653589 -20.397384
20.397384 -22.653589
17.917700 -24.661598
15.241706 -26.399409
12.398720 -27.847982
9.419892 -28.991447
6.337858 -29.817276
3.186384 -30.316420
0.000000 -30.483411
-3.186384 -30.316420
-6.337858 -29.817276
-9.419892 -28.991447
-12.398720 -27.847982
-15.241706 -26.399409
-17.917700 -24.661598
-20.397384 -22.653589
-22.653589 -20.397384
-24.661598 -17.917700
-26.399409 -15.241706
-27.847982 -12.398720
-28.991447 -9.419892
-29.817276 -6.337858
-30.316420 -3.186384
-30.483411 -0.000000
-30.316420 3.186384
-29.817276 6.337858
-28.991447 9.419892
-27.847982 12.398720
-26.399409 15.241706
-24.661598 17.917700
-22.653589 20.397384
-20.397384 22.653589
-17.917700 24.661598
-15.241706 26.399409
-12.398720 27.847982
-9.419892 28.991447
-6.337858 29.817276
-3.186384 30.316420
-0.000000 30.483411
3.186384 30.316420
6.337858 29.817276
9.419892 28.991447
12.398720 27.847982
15.241706 26.399409
17.917700 24.661598
20.397384 22.653589
22.653589 20.397384
24.661598 17.917700
26.399409 15.241706
27.847982 12.398720
28.991447 9.419892
29.817276 6.337858
30.316420 3.186384
30.483411 0.000000
36.390094 0.000000
36.190745 -3.803801
35.594883 -7.565926
34.609036 -11.245157
33.244005 -14.801185
31.514746 -18.195047
29.440204 -21.389560
27.043110 -24.349725
24.349725 -27.043110
21.389560 -29.440204
18.195047 -31.514746
14.801185 -33.244005
11.245157 -34.609036
7.565926 -35.594883
3.803801 -36.190745
0.000000 -36.390094
-3.803801 -36.190745
-7.565926 -35.594883
-11.245157 -34.609036
-14.801185 -33.244005
-18.195047 -31.514746
-21.389560 -29.440204
-24.349725 -27.043110
-27.043110 -24.349725
-29.440204 -21.389560
-31.514746 -18.195047
-33.244005 -14.801185
-34.609036 -11.245157
-35.594883 -7.565926
-36.190745 -3.803801
-36.390094 -0.000000
-36.190745 3.803801
-35.594883 7.565926
-34.609036 11.245157
-33.244005 14.801185
-31.514746 18.195047
-29.440204 21.389560
-27.043110 24.349725
-24.349725 27.043110
-21.389560 29.440204
-18.195047 31.514746
-14.801185 33.244005
-11.245157 34.609036
-7.565926 35.594883
-3.803801 36.190745
-0.000000 36.390094
3.803801 36.190745
7.565926 35.594883
11.245157 34.609036
14.801185 33.244005
18.195047 31.514746
21.389560 29.440204
24.349725 27.043110
27.043110 24.349725
29.440204 21.389560
31.514746 18.195047
33.244005 14.801185
34.609036 11.245157
35.594883 7.565926
36.190745 3.803801
36.390094 0.000000
43.478112 0.000000
43.239935 -4.544700
42.528011 -9.039608
41.350142 -13.435476
39.719232 -17.684142
37.653150 -21.739056
35.174532 -25.555793
32.310534 -29.092536
29.092536 -32.310534
25.555793 -35.174532
21.739056 -37.653150
17.684142 -39.719232
13.435476 -41.350142
9.039608 -42.528011
4.544700 -43.239935
0.000000 -43.478112
-4.544700 -43.239935
-9.039608 -42.528011
-13.435476 -41.350142
-17.684142 -39.719232
-21.739056 -37.653150
-25.555793 -35.174532
-29.092536 -32.310534
-32.310534 -29.092536
-35.174532 -25.555793
-37.653150 -21.739056
-39.719232 -17.684142
-41.350142 -13.435476
-42.528011 -9.039608
-43.239935 -4.544700
-43.478112 -0.000000
-43.239935 4.544700
-42.528011 9.039608
-41.350142 13.435476
-39.719232 17.684142
-37.653150 21.739056
-35.174532 25.555793
-32.310534 29.092536
-29.092536 32.310534
-25.555793 35.174532
-21.739056 37.653150
-17.684142 39.719232
-13.435476 41.350142
-9.039608 42.528011
-4.544700 43.239935
-0.000000 43.478112
4.544700 43.239935
9.039608 42.528011
13.435476 41.350142
17.684142 39.719232
21.739056 37.653150
25.555793 35.174532
29.092536 32.310534
32.310534 29.092536
35.174532 25.555793
37.653150 21.739056
39.719232 17.684142
41.350142 13.435476
42.528011 9.039608
43.239935 4.544700
43.478112 0.000000
51.983735 0.000000
51.698963 -5.433780
50.847766 -10.808026
49.439470 -16.063858
47.489505 -21.143690
45.019235 -25.991867
42.055725 -30.555273
38.631444 -34.783908
34.783908 -38.631444
30.555273 -42.055725
25.991867 -45.019235
21.143690 -47.489505
16.063858 -49.439470
10.808026 -50.847766
5.433780 -51.698963
0.000000 -51.983735
-5.433780 -51.698963
-10.808026 -50.847766
-16.063858 -49.439470
-21.143690 -47.489505
-25.991867 -45.019235
-30.555273 -42.055725
-34.783908 -38.631444
-38.631444 -34.783908
-42.055725 -30.555273
-45.019235 -25.991867
-47.489505 -21.143690
-49.439470 -16.063858
-50.847766 -10.808026
-51.698963 -5.433780
-51.983735 -0.000000
-51.698963 5.433780
-50.847766 10.808026
-49.439470 16.063858
-47.489505 21.143690
-45.019235 25.991867
-42.055725 30.555273
-38.631444 34.783908
-34.783908 38.631444
-30.555273 42.055725
-25.991867 45.019235
-21.143690 47.489505
-16.063858 49.439470
-10.808026 50.847766
-5.433780 51.698963
-0.000000 51.983735
5.433780 51.698963
10.808026 50.847766
16.063858 49.439470
21.143690 47.489505
25.991867 45.019235
30.555273 42.055725
34.783908 38.631444
38.631444 34.783908
42.055725 30.555273
45.019235 25.991867
47.489505 21.143690
49.439470 16.063858
50.847766 10.808026
51.698963 5.433780
51.983735 0.000000
62.190482 0.000000
61.849796 -6.500676
60.831471 -12.930128
59.146663 -19.217916
56.813832 -25.295148
53.858537 -31.095241
50.313157 -36.554648
46.216535 -41.613555
41.613555 -46.216535
36.554648 -50.313157
31.095241 -53.858537
25.295148 -56.813832
19.217916 -59.146663
12.930128 -60.831471
6.500676 -61.849796
0.000000 -62.190482
-6.500676 -61.849796
-12.930128 -60.831471
-19.217916 -59.146663
-25.295148 -56.813832
-31.095241 -53.858537
-36.554648 -50.313157
-41.613555 -46.216535
-46.216535 -41.613555
-50.313157 -36.554648
-53.858537 -31.095241
-56.813832 -25.295148
-59.146663 -19.217916
-60.831471 -12.930128
-61.849796 -6.500676
-62.190482 -0.000000
-61.849796 6.500676
-60.831471 12.930128
-59.146663 19.217916
-56.813832 25.295148
-53.858537 31.095241
-50.313157 36.554648
-46.216535 41.613555
-41.613555 46.216535
-36.554648 50.313157
-31.095241 53.858537
-25.295148 56.813832
-19.217916 59.146663
-12.930128 60.831471
-6.500676 61.849796
-0.000000 62.190482
6.500676 61.849796
12.930128 60.831471
19.217916 59.146663
25.295148 56.813832
31.095241 53.858537
36.554648 50.313157
41.613555 46.216535
46.216535 41.613555
50.313157 36.554648
53.858537 31.095241
56.813832 25.295148
59.146663 19.217916
60.831471 12.930128
61.849796 6.500676
62.190482 0.000000
74.438578 0.000000
74.030796 -7.780950
72.811917 -15.476651
70.795295 -23.002786
68.003025 -30.276897
64.465700 -37.219289
60.222075 -43.753899
55.318644 -49.809131
49.809131 -55.318644
43.753899 -60.222075
37.219289 -64.465700
30.276897 -68.003025
23.002786 -70.795295
15.476651 -72.811917
7.780950 -74.030796
0.000000 -74.438578
-7.780950 -74.030796
-15.476651 -72.811917
-23.002786 -70.795295
-30.276897 -68.003025
-37.219289 -64.465700
-43.753899 -60.222075
-49.809131 -55.318644
-55.318644 -49.809131
-60.222075 -43.753899
-64.465700 -37.219289
-68.003025 -30.276897
-70.795295 -23.002786
-72.811917 -15.476651
-74.030796 -7.780950
-74.438578 -0.000000
-74.030796 7.780950
-72.811917 15.476651
-70.795295 23.002786
-68.003025 30.276897
-64.465700 37.219289
-60.222075 43.753899
-55.318644 49.809131
-49.809131 55.318644
-43.753899 60.222075
-37.219289 64.465700
-30.276897 68.003025
-23.002786 70.795295
-15.476651 72.811917
-7.780950 74.030796
-0.000000 74.438578
7.780950 74.030796
15.476651 72.811917
23.002786 70.795295
30.276897 68.003025
37.219289 64.465700
43.753899 60.222075
49.809131 55.318644
55.318644 49.809131
60.222075 43.753899
64.465700 37.219289
68.003025 30.276897
70.795295 23.002786
72.811917 15.476651
74.030796 7.780950
74.438578 0.000000
